0.003618
0.002323
0.001827
0.001581
0.001436
0.001416
0.001354
0.001316
0.001276
0.001218
0.001178
0.001138
0.001114
0.001123
0.001101
0.001091
0.001071
0.001058
0.001064
0.001050
0.001047
0.001044
0.001030
0.001018
0.001015
0.001009
0.000998
0.000993
0.000988
0.000983
0.000982
0.000985
0.000992
0.000985
0.000984
0.000980
0.000977
0.000974
0.000972
0.000968
0.000965
0.000966
0.000972
0.000976
0.000977
0.000980
0.000987
0.000984
0.000979
0.000975
0.000970
0.000967
0.000968
0.000963
0.000961
0.000958
0.000954
0.000954
0.000954
0.000952
0.000949
0.000945
0.000945
0.000947
0.000942
0.000942
0.000937
0.000937
0.000936
0.000941
0.000937
0.000934
0.000930
0.000929
0.000927
0.000928
0.000926
0.000924
0.000922
0.000920
0.000920
0.000920
0.000918
0.000916
0.000915
0.000913
0.000916
0.000918
0.000919
0.000921
0.000918
0.000917
0.000916
0.000917
0.000915
0.000917
0.000916
0.000915
0.000913
0.000912
0.000910
0.000912
0.000910
0.000908
0.000906
0.000905
0.000904
0.000902
0.000900
0.000902
0.000904
0.000903
0.000904
0.000901
0.000904
0.000906
0.000907
0.000908
0.000906
0.000907
0.000907
0.000909
0.000911
0.000911
0.000913
0.000917
0.000920
0.000921
0.000920
0.000920
0.000923
0.000925
0.000929
0.000930
0.000931
0.000932
0.000933
0.000932
0.000931
